# CRT sieve file generated by cpugapminer gen_crt
n_primes 74
merit 22.00
shift 512
gap_target 11712
n_candidates 809
2 0
3 0
5 1
7 3
11 1
13 10
17 13
19 16
23 15
29 8
31 8
37 29
41 25
43 36
47 31
53 3
59 58
61 19
67 19
71 31
73 14
79 58
83 49
89 14
97 32
101 85
103 34
107 101
109 81
113 6
127 90
131 0
137 56
139 104
149 83
151 43
157 54
163 56
167 104
173 93
179 165
181 167
191 155
193 189
197 84
199 30
211 64
223 196
227 20
229 39
233 35
239 7
241 221
251 39
257 188
263 61
269 179
271 163
277 92
281 206
283 80
293 178
307 125
311 48
313 55
317 86
331 302
337 329
347 175
349 8
353 178
359 318
367 217
373 132
