# CRT sieve file generated by cpugapminer gen_crt
n_primes 75
merit 22.00
shift 512
gap_target 11712
n_candidates 800
2 0
3 0
5 1
7 3
11 1
13 10
17 13
19 16
23 15
29 8
31 8
37 29
41 25
43 36
47 31
53 3
59 58
61 19
67 19
71 31
73 54
79 58
83 49
89 35
97 32
101 85
103 9
107 101
109 94
113 6
127 7
131 0
137 56
139 104
149 83
151 8
157 54
163 56
167 104
173 27
179 165
181 167
191 155
193 189
197 84
199 69
211 64
223 41
227 20
229 22
233 36
239 119
241 43
251 39
257 188
263 259
269 209
271 44
277 237
281 239
283 222
293 88
307 293
311 48
313 55
317 65
331 213
337 216
347 259
349 129
353 178
359 191
367 306
373 201
379 223
