# CRT sieve file generated by cpugapminer gen_crt
n_primes 75
merit 23.00
shift 512
gap_target 12244
n_candidates 834
# phase1_kernel exp(-a*|x/scale|^b)
# phase1_a 5.800000
# phase1_b 3.300000
# phase1_scale 12244.000000
# phase1_remaining 834
# phase1_score_raw 726.364967899
# phase1_score_mean 0.870941209
2 1
3 2
5 4
7 2
11 7
13 9
17 4
19 16
23 12
29 3
31 12
37 18
41 17
43 40
47 29
53 45
59 52
61 43
67 21
71 36
73 22
79 28
83 72
89 20
97 90
101 60
103 51
107 45
109 48
113 66
127 1
131 83
137 99
139 17
149 54
151 129
157 64
163 11
167 38
173 7
179 167
181 105
191 177
193 119
197 3
199 144
211 19
223 141
227 41
229 220
233 124
239 219
241 173
251 194
257 62
263 193
269 67
271 25
277 176
281 96
283 56
293 149
307 190
311 118
313 82
317 10
331 89
337 324
347 164
349 132
353 68
359 331
367 211
373 121
379 31
