# CRT sieve file generated by cpugapminer gen_crt
n_primes 131
merit 21.00
shift 1024
gap_target 18632
n_candidates 1027
2 1
3 2
5 4
7 1
11 6
13 9
17 12
19 16
23 4
29 2
31 30
37 2
41 28
43 5
47 10
53 30
59 31
61 4
67 53
71 8
73 54
79 41
83 12
89 42
97 64
101 46
103 54
107 81
109 45
113 97
127 114
131 109
137 21
139 89
149 14
151 148
157 127
163 66
167 25
173 113
179 52
181 82
191 182
193 40
197 173
199 39
211 183
223 63
227 196
229 89
233 15
239 123
241 4
251 219
257 73
263 6
269 166
271 36
277 132
281 146
283 65
293 194
307 45
311 106
313 128
317 128
331 176
337 122
347 81
349 101
353 294
359 262
367 165
373 68
379 276
383 313
389 293
397 375
401 47
409 294
419 326
421 58
431 360
433 156
439 53
443 251
449 15
457 406
461 349
463 300
467 17
479 199
487 18
491 484
499 142
503 439
509 317
521 356
523 369
541 463
547 88
557 111
563 534
569 353
571 507
577 546
587 295
593 224
599 32
601 446
607 397
613 152
617 202
619 489
631 504
641 60
643 369
647 284
653 117
659 211
661 184
673 303
677 340
683 588
691 382
701 186
709 103
719 606
727 161
733 630
739 552
