# CRT sieve file generated by cpugapminer gen_crt
n_primes 68
merit 30.00
shift 450
gap_target 14681
n_candidates 1089
# phase1_kernel exp(-a*|x/scale|^b)
# phase1_a 5.800000
# phase1_b 3.300000
# phase1_scale 14681.000000
# phase1_remaining 1089
# phase1_score_raw 949.053682781
# phase1_score_mean 0.871490985
2 1
3 1
5 1
7 2
11 4
13 6
17 1
19 12
23 2
29 24
31 22
37 4
41 26
43 17
47 13
53 35
59 2
61 31
67 37
71 50
73 41
79 7
83 10
89 45
97 93
101 64
103 7
107 12
109 78
113 8
127 16
131 22
137 61
139 82
149 98
151 141
157 137
163 157
167 128
173 13
179 89
181 180
191 122
193 38
197 67
199 184
211 126
223 116
227 199
229 129
233 222
239 18
241 191
251 112
257 177
263 254
269 74
271 14
277 262
281 276
283 220
293 233
307 148
311 58
313 6
317 219
331 200
337 56
