# CRT sieve file generated by cpugapminer gen_crt
n_primes 75
merit 27.00
shift 512
gap_target 14374
n_candidates 1014
2 1
3 2
5 4
7 2
11 8
13 9
17 13
19 5
23 12
29 28
31 8
37 36
41 7
43 28
47 37
53 37
59 17
61 7
67 6
71 55
73 64
79 5
83 40
89 34
97 41
101 36
103 94
107 20
109 98
113 52
127 17
131 43
137 112
139 4
149 60
151 111
157 131
163 12
167 162
173 71
179 171
181 89
191 61
193 176
197 24
199 147
211 125
223 151
227 19
229 182
233 54
239 101
241 39
251 231
257 57
263 146
269 247
271 193
277 31
281 204
283 152
293 185
307 148
311 46
313 311
317 219
331 228
337 96
347 223
349 181
353 97
359 330
367 170
373 50
379 309
