# CRT sieve file generated by cpugapminer gen_crt
n_primes 74
merit 27.00
shift 501
gap_target 14168
n_candidates 1001
2 1
3 1
5 3
7 2
11 3
13 10
17 9
19 5
23 20
29 19
31 1
37 35
41 10
43 33
47 46
53 52
59 38
61 30
67 35
71 17
73 26
79 46
83 2
89 85
97 3
101 99
103 56
107 89
109 60
113 14
127 106
131 5
137 74
139 105
149 22
151 73
157 93
163 137
167 124
173 33
179 133
181 51
191 23
193 138
197 183
199 109
211 87
223 113
227 208
229 144
233 16
239 63
241 1
251 193
257 19
263 108
269 267
271 155
277 270
281 166
283 114
293 147
307 104
311 8
313 273
317 223
331 190
337 182
347 286
349 143
353 59
359 292
367 132
373 12
