# CRT sieve file generated by cpugapminer gen_crt
n_primes 60
merit 23.00
shift 384
gap_target 10204
n_candidates 763
2 1
3 2
5 1
7 4
11 5
13 3
17 13
19 15
23 12
29 2
31 18
37 21
41 39
43 4
47 41
53 23
59 31
61 40
67 5
71 52
73 54
79 29
83 18
89 2
97 23
101 13
103 14
107 28
109 41
113 79
127 84
131 55
137 95
139 21
149 98
151 30
157 140
163 111
167 154
173 147
179 152
181 96
191 7
193 146
197 42
199 189
211 100
223 35
227 170
229 126
233 38
239 145
241 103
251 144
257 24
263 167
269 53
271 196
277 178
281 106
