# CRT sieve file generated by cpugapminer gen_crt
n_primes 60
merit 22.00
shift 384
gap_target 9760
n_candidates 730
2 1
3 1
5 1
7 6
11 8
13 3
17 6
19 12
23 14
29 27
31 18
37 10
41 24
43 24
47 26
53 45
59 32
61 26
67 36
71 38
73 46
79 42
83 44
89 24
97 58
101 47
103 54
107 56
109 48
113 105
127 66
131 68
137 108
139 137
149 124
151 111
157 92
163 84
167 96
173 9
179 92
181 117
191 98
193 151
197 78
199 102
211 108
223 149
227 218
229 60
233 43
239 170
241 6
251 144
257 116
263 138
269 242
271 166
277 254
281 232
