# CRT sieve file generated by cpugapminer gen_crt
n_primes 131
merit 22.00
shift 1024
gap_target 19520
n_candidates 1117
2 1
3 2
5 1
7 3
11 4
13 3
17 6
19 16
23 21
29 0
31 5
37 18
41 31
43 29
47 17
53 1
59 22
61 55
67 4
71 58
73 9
79 73
83 65
89 80
97 54
101 61
103 12
107 79
109 71
113 54
127 30
131 57
137 67
139 81
149 121
151 133
157 80
163 61
167 60
173 151
179 63
181 134
191 177
193 5
197 173
199 186
211 189
223 45
227 139
229 42
233 61
239 96
241 112
251 176
257 255
263 105
269 100
271 221
277 49
281 216
283 66
293 108
307 22
311 28
313 27
317 61
331 129
337 275
347 8
349 6
353 16
359 67
367 178
373 184
379 161
383 82
389 257
397 113
401 292
409 267
419 337
421 309
431 408
433 144
439 111
443 264
449 302
457 88
461 124
463 422
467 219
479 193
487 435
491 91
499 149
503 239
509 151
521 419
523 314
541 206
547 513
557 74
563 33
569 360
571 531
577 227
587 60
593 433
599 54
601 519
607 10
613 9
617 579
619 369
631 183
641 132
643 78
647 74
653 464
659 647
661 404
673 316
677 16
683 332
691 445
701 384
709 159
719 86
727 322
733 57
739 34
