# CRT sieve file generated by cpugapminer gen_crt
n_primes 68
merit 23.00
shift 450
gap_target 11256
n_candidates 798
# phase1_kernel exp(-a*|x/scale|^b)
# phase1_a 5.800000
# phase1_b 3.300000
# phase1_scale 11256.000000
# phase1_remaining 798
# phase1_score_raw 697.988612626
# phase1_score_mean 0.874672447
2 1
3 1
5 4
7 2
11 1
13 3
17 12
19 11
23 16
29 22
31 13
37 2
41 10
43 19
47 27
53 7
59 37
61 18
67 33
71 32
73 10
79 71
83 20
89 33
97 79
101 37
103 22
107 4
109 1
113 7
127 27
131 101
137 105
139 19
149 36
151 107
157 30
163 128
167 151
173 114
179 89
181 23
191 75
193 13
197 86
199 26
211 88
223 198
227 27
229 42
233 171
239 21
241 212
251 223
257 85
263 210
269 78
271 34
277 179
281 9
283 53
293 152
307 163
311 288
313 49
317 9
331 98
337 47
