# CRT sieve file generated by cpugapminer gen_crt
n_primes 104
merit 28.00
shift 768
gap_target 19874
n_candidates 1239
2 1
3 1
5 4
7 4
11 8
13 2
17 5
19 12
23 2
29 7
31 9
37 36
41 24
43 16
47 3
53 7
59 28
61 30
67 46
71 45
73 35
79 22
83 59
89 86
97 96
101 60
103 54
107 66
109 84
113 31
127 98
131 24
137 80
139 63
149 38
151 45
157 90
163 8
167 78
173 40
179 26
181 87
191 70
193 151
197 128
199 20
211 5
223 62
227 97
229 3
233 48
239 11
241 162
251 224
257 229
263 246
269 6
271 197
277 240
281 88
283 12
293 218
307 21
311 192
313 124
317 305
331 174
337 319
347 9
349 296
353 176
359 355
367 123
373 322
379 154
383 42
389 263
397 47
401 340
409 132
419 291
421 241
431 422
433 374
439 230
443 134
449 439
457 255
461 163
463 117
467 25
479 228
487 52
491 455
499 287
503 203
509 77
521 346
523 306
541 487
547 373
557 183
563 69
569 524
