# CRT sieve file generated by cpugapminer gen_crt
n_primes 89
merit 22.00
shift 640
gap_target 13664
n_candidates 880
2 1
3 2
5 2
7 3
11 1
13 3
17 3
19 3
23 8
29 24
31 11
37 32
41 17
43 26
47 29
53 32
59 36
61 1
67 1
71 26
73 15
79 8
83 65
89 28
97 63
101 6
103 91
107 45
109 98
113 30
127 110
131 15
137 66
139 68
149 94
151 121
157 136
163 78
167 107
173 130
179 121
181 52
191 113
193 155
197 143
199 139
211 26
223 144
227 12
229 211
233 35
239 31
241 53
251 200
257 45
263 91
269 242
271 11
277 204
281 129
283 193
293 265
307 126
311 193
313 42
317 29
331 230
337 48
347 77
349 342
353 233
359 281
367 280
373 226
379 211
383 39
389 4
397 40
401 88
409 240
419 18
421 202
431 428
433 317
439 21
443 293
449 199
457 354
461 186
