# CRT sieve file generated by cpugapminer gen_crt
n_primes 97
merit 22.00
shift 705
gap_target 14655
n_candidates 1026
# phase1_kernel exp(-a*|x/scale|^b)
# phase1_a 5.800000
# phase1_b 3.300000
# phase1_scale 14655.000000
# phase1_remaining 1026
# phase1_score_raw 914.274575293
# phase1_score_mean 0.891105824
2 1
3 2
5 1
7 6
11 7
13 4
17 1
19 7
23 2
29 16
31 27
37 33
41 29
43 14
47 30
53 29
59 45
61 32
67 25
71 17
73 51
79 41
83 24
89 64
97 22
101 14
103 72
107 67
109 64
113 112
127 78
131 14
137 67
139 40
149 54
151 100
157 94
163 129
167 43
173 96
179 45
181 122
191 79
193 145
197 92
199 108
211 51
223 143
227 163
229 220
233 108
239 190
241 10
251 180
257 17
263 142
269 177
271 1
277 62
281 210
283 40
293 13
307 19
311 179
313 12
317 107
331 80
337 220
347 250
349 313
353 79
359 62
367 186
373 57
379 206
383 347
389 145
397 244
401 22
409 140
419 114
421 417
431 61
433 48
439 255
443 358
449 199
457 65
461 359
463 360
467 276
479 25
487 16
491 138
499 307
503 362
509 415
