# CRT sieve file generated by cpugapminer gen_crt
n_primes 98
merit 21.00
shift 720
gap_target 14207
n_candidates 890
2 1
3 1
5 2
7 1
11 8
13 8
17 10
19 14
23 5
29 2
31 30
37 6
41 40
43 37
47 31
53 10
59 53
61 44
67 47
71 47
73 42
79 13
83 40
89 68
97 6
101 40
103 2
107 15
109 29
113 95
127 51
131 30
137 96
139 86
149 130
151 116
157 24
163 85
167 156
173 37
179 44
181 133
191 84
193 25
197 39
199 18
211 174
223 217
227 163
229 0
233 95
239 23
241 24
251 223
257 198
263 82
269 168
271 83
277 47
281 110
283 227
293 65
307 64
311 55
313 92
317 48
331 229
337 308
347 27
349 119
353 127
359 39
367 300
373 344
379 6
383 98
389 20
397 108
401 144
409 201
419 81
421 162
431 268
433 47
439 286
443 234
449 127
457 254
461 158
463 24
467 379
479 235
487 224
491 113
499 240
503 133
509 39
521 475
