# CRT sieve file generated by cpugapminer gen_crt
n_primes 74
merit 27.00
shift 501
gap_target 14168
n_candidates 999
# phase1_kernel exp(-a*|x/scale|^b)
# phase1_a 5.800000
# phase1_b 3.300000
# phase1_scale 14168.000000
# phase1_remaining 999
# phase1_score_raw 869.260329162
# phase1_score_mean 0.870130460
2 1
3 2
5 4
7 4
11 9
13 10
17 13
19 13
23 11
29 10
31 7
37 25
41 31
43 2
47 28
53 12
59 11
61 25
67 29
71 51
73 7
79 2
83 73
89 32
97 6
101 29
103 101
107 55
109 38
113 16
127 65
131 115
137 83
139 124
149 91
151 1
157 45
163 113
167 116
173 49
179 173
181 99
191 111
193 41
197 98
199 30
211 44
223 106
227 213
229 155
233 39
239 104
241 48
251 19
257 114
263 221
269 71
271 21
277 148
281 52
283 4
293 57
307 271
311 265
313 223
317 139
331 176
337 56
347 203
349 165
353 89
359 334
367 190
373 82
