# CRT sieve file generated by cpugapminer gen_crt
n_primes 75
merit 22.00
shift 512
gap_target 11712
n_candidates 802
2 1
3 1
5 2
7 6
11 8
13 3
17 4
19 12
23 14
29 18
31 18
37 29
41 3
43 24
47 26
53 50
59 32
61 43
67 36
71 38
73 52
79 42
83 44
89 19
97 41
101 13
103 65
107 56
109 65
113 68
127 22
131 54
137 12
139 72
149 8
151 78
157 22
163 84
167 86
173 18
179 92
181 143
191 98
193 137
197 6
199 141
211 44
223 76
227 116
229 12
233 28
239 122
241 203
251 128
257 217
263 145
269 206
271 16
277 119
281 234
283 69
293 225
307 61
311 274
313 86
317 258
331 153
337 317
347 87
349 67
353 116
359 329
367 30
373 322
379 120
