# CRT sieve file generated by cpugapminer gen_crt
n_primes 75
merit 23.00
shift 512
gap_target 12244
n_candidates 866
# phase1_kernel exp(-a*|x/scale|^b)
# phase1_a 5.800000
# phase1_b 3.300000
# phase1_scale 12244.000000
# phase1_remaining 866
# phase1_score_raw 768.987863623
# phase1_score_mean 0.887976748
2 1
3 1
5 1
7 1
11 9
13 7
17 2
19 8
23 18
29 1
31 17
37 30
41 26
43 12
47 23
53 6
59 1
61 56
67 35
71 24
73 22
79 43
83 76
89 70
97 14
101 56
103 86
107 48
109 78
113 67
127 23
131 21
137 17
139 108
149 82
151 138
157 27
163 20
167 129
173 21
179 51
181 170
191 16
193 97
197 90
199 176
211 188
223 22
227 4
229 38
233 194
239 80
241 192
251 201
257 26
263 30
269 115
271 66
277 176
281 158
283 259
293 167
307 61
311 294
313 113
317 222
331 307
337 304
347 239
349 250
353 32
359 278
367 154
373 171
379 98
