# CRT sieve file generated by cpugapminer gen_crt
n_primes 97
merit 22.00
shift 705
gap_target 14655
n_candidates 914
# phase1_kernel exp(-a*|x/scale|^b)
# phase1_a 5.800000
# phase1_b 3.300000
# phase1_scale 14655.000000
# phase1_remaining 914
# phase1_score_raw 794.602939516
# phase1_score_mean 0.869368643
2 1
3 2
5 1
7 1
11 1
13 2
17 6
19 16
23 21
29 16
31 14
37 18
41 12
43 1
47 17
53 23
59 22
61 52
67 18
71 65
73 6
79 59
83 57
89 55
97 40
101 36
103 46
107 90
109 15
113 103
127 28
131 109
137 70
139 65
149 100
151 119
157 43
163 154
167 81
173 73
179 89
181 160
191 2
193 91
197 84
199 183
211 17
223 122
227 173
229 87
233 148
239 135
241 53
251 145
257 168
263 203
269 250
271 178
277 239
281 99
283 29
293 265
307 110
311 293
313 231
317 107
331 4
337 161
347 218
349 162
353 50
359 241
367 25
373 236
379 80
383 359
389 209
397 9
401 310
409 118
419 297
421 251
431 21
433 408
439 276
443 188
449 56
457 337
461 253
463 211
467 127
479 354
487 194
491 114
499 453
503 139
509 445
