# CRT sieve file generated by cpugapminer gen_crt
n_primes 75
merit 23.00
shift 512
gap_target 12244
n_candidates 839
2 1
3 2
5 4
7 1
11 8
13 6
17 2
19 16
23 21
29 4
31 27
37 23
41 14
43 2
47 27
53 51
59 55
61 53
67 9
71 70
73 12
79 44
83 8
89 14
97 37
101 40
103 102
107 36
109 9
113 80
127 73
131 107
137 51
139 84
149 11
151 64
157 90
163 140
167 131
173 46
179 152
181 72
191 54
193 171
197 23
199 148
211 83
223 176
227 48
229 213
233 89
239 142
241 82
251 33
257 116
263 211
269 49
271 266
277 42
281 6
283 237
293 280
307 173
311 183
313 243
317 105
331 297
337 235
347 25
349 332
353 252
359 132
367 339
373 225
379 111
