# CRT sieve file generated by cpugapminer gen_crt
n_primes 104
merit 22.00
shift 768
gap_target 15616
n_candidates 952
2 0
3 1
5 0
7 3
11 5
13 9
17 5
19 9
23 11
29 16
31 15
37 21
41 21
43 21
47 23
53 6
59 29
61 38
67 33
71 35
73 12
79 39
83 41
89 11
97 83
101 99
103 51
107 53
109 21
113 46
127 119
131 65
137 116
139 69
149 4
151 75
157 4
163 104
167 83
173 33
179 145
181 54
191 59
193 185
197 104
199 170
211 8
223 111
227 179
229 146
233 158
239 87
241 187
251 60
257 183
263 25
269 74
271 135
277 60
281 145
283 233
293 21
307 33
311 303
313 50
317 129
331 212
337 48
347 291
349 61
353 293
359 229
367 177
373 28
379 113
383 7
389 314
397 63
401 72
409 173
419 295
421 375
431 288
433 130
439 65
443 52
449 301
457 282
461 437
463 40
467 85
479 321
487 406
491 249
499 407
503 217
509 72
521 299
523 510
541 81
547 357
557 502
563 338
569 122
