# CRT sieve file generated by cpugapminer gen_crt
n_primes 98
merit 21.00
shift 720
gap_target 14207
n_candidates 889
2 1
3 2
5 1
7 4
11 10
13 9
17 13
19 15
23 20
29 1
31 15
37 25
41 37
43 24
47 34
53 37
59 16
61 40
67 17
71 23
73 21
79 56
83 77
89 15
97 84
101 9
103 76
107 46
109 32
113 25
127 0
131 75
137 124
139 34
149 87
151 2
157 135
163 70
167 44
173 7
179 9
181 107
191 12
193 187
197 26
199 151
211 22
223 154
227 39
229 86
233 190
239 89
241 1
251 211
257 100
263 240
269 242
271 207
277 192
281 7
283 33
293 242
307 93
311 80
313 58
317 229
331 158
337 250
347 198
349 188
353 46
359 99
367 52
373 186
379 272
383 355
389 269
397 224
401 20
409 168
419 264
421 187
431 202
433 69
439 71
443 31
449 73
457 30
461 184
463 28
467 338
479 133
487 6
491 139
499 42
503 163
509 498
521 187
