# CRT sieve file generated by cpugapminer gen_crt
n_primes 118
merit 22.00
shift 896
gap_target 17568
n_candidates 1028
2 0
3 2
5 3
7 2
11 9
13 7
17 1
19 2
23 6
29 8
31 0
37 7
41 34
43 8
47 37
53 8
59 54
61 23
67 34
71 24
73 26
79 4
83 77
89 26
97 24
101 49
103 47
107 41
109 65
113 14
127 11
131 5
137 55
139 105
149 10
151 126
157 108
163 120
167 118
173 116
179 112
181 9
191 106
193 70
197 78
199 161
211 96
223 52
227 88
229 29
233 162
239 25
241 168
251 14
257 41
263 7
269 165
271 181
277 11
281 142
283 67
293 162
307 48
311 46
313 195
317 11
331 231
337 110
347 147
349 152
353 87
359 175
367 332
373 30
379 169
383 317
389 102
397 210
401 123
409 227
419 303
421 170
431 164
433 151
439 209
443 423
449 235
457 390
461 321
463 32
467 10
479 271
487 62
491 196
499 139
503 371
509 357
521 195
523 72
541 506
547 381
557 270
563 466
569 15
571 49
577 526
587 125
593 213
599 506
601 57
607 252
613 343
617 12
619 396
631 298
641 54
643 468
647 364
