# CRT sieve file generated by cpugapminer gen_crt
n_primes 104
merit 23.00
shift 768
gap_target 16326
n_candidates 999
2 1
3 1
5 4
7 5
11 9
13 12
17 9
19 13
23 2
29 25
31 16
37 1
41 4
43 10
47 1
53 4
59 23
61 34
67 53
71 34
73 9
79 6
83 64
89 63
97 63
101 10
103 44
107 29
109 85
113 108
127 60
131 50
137 65
139 78
149 54
151 89
157 61
163 57
167 12
173 46
179 11
181 8
191 101
193 11
197 28
199 139
211 45
223 222
227 70
229 223
233 75
239 92
241 20
251 18
257 215
263 17
269 88
271 24
277 109
281 139
283 95
293 199
307 100
311 189
313 245
317 137
331 154
337 271
347 250
349 296
353 224
359 80
367 255
373 117
379 348
383 62
389 138
397 359
401 178
409 200
419 72
421 131
431 266
433 132
439 190
443 323
449 165
457 158
461 398
463 169
467 10
479 274
487 117
491 152
499 271
503 139
509 463
521 360
523 122
541 522
547 184
557 221
563 303
569 410
